0.00
0.00
0.00
0.00
0.00
0.00
0.00
0.00
0.01
0.01
0.02
0.03
0.03
0.03
0.03
0.04
0.06
0.11
0.20
0.30
0.29
0.47
0.47
0.47
0.45
0.42
0.38
0.33
0.28
0.20
0.12
0.07
0.04
0.01
0.00
0.00
0.00
0.00
0.00
0.00
0.00
0.00
0.00
0.00
0.00
0.00
0.00
0.00
0.00
0.01
0.02
0.02
0.02
0.02
0.02
0.03
0.05
0.09
0.16
0.26
0.37
0.41
0.41
0.41
0.40
0.37
0.33
0.29
0.25
0.20
0.09
0.06
0.03
0.01
0.00
0.00
0.00
0.00
0.00
0.00
0.00
0.00
0.00
0.00
0.00
0.00
0.00
0.00
0.00
0.00
0.01
0.01
0.01
0.01
0.01
0.02
0.03
0.05
0.10
0.20
0.32
0.40
0.40
0.40
0.39
0.37
0.33
0.29
0.25
0.20
0.13
0.09
0.05
0.02
0.00
0.00
0.00
0.00
0.00
0.00
0.00
0.00
0.00
0.00
0.00
0.00
0.00
0.00
0.00
0.00
0.01
0.01
0.01
0.01
0.01
0.01
0.01
0.02
0.04
0.08
0.23
0.26
0.26
0.26
0.26
0.24
0.22
0.19
0.17
0.13
0.12
0.08
0.04
0.02
0.01
0.00
0.00
0.00
0.00
0.00
0.00
0.00
0.00
0.00
0.00
0.00
0.00
0.00
0.00
0.00
0.00
0.00
0.00
0.00
0.00
0.00
0.00
0.01
0.01
0.03
0.18
0.22
0.22
0.22
0.22
0.21
0.19
0.17
0.14
0.12
0.12
0.09
0.05
0.02
0.01
0.00
0.00
0.00
0.00
0.00
0.00
0.00
0.00
0.00
0.00
0.00
0.00
0.00
0.00
0.00
0.00
0.00
0.00
0.00
0.00
0.00
0.00
0.00
0.00
0.00
0.07
0.09
0.09
0.09
0.08
0.08
0.07
0.07
0.06
0.05
0.05
0.04
0.02
0.01
0.00
0.00
0.00
0.00
0.00
0.00
0.00
0.00
0.00
0.00
0.01
0.01
0.00
0.00
0.00
0.00
0.00
0.01
0.02
0.13
0.18
0.18
0.18
0.17
0.20
0.28
1.50
2.09
3.66
5.51
4.79
3.64
1.83
3.31
4.04
8.27
6.69
33.60
38.28
70.30
68.18
56.67
35.25
16.54
6.96
0.00
0.00
0.00
0.00
0.01
0.01
0.01
0.00
0.00
0.00
0.00
0.01
0.02
0.05
0.15
0.21
0.21
0.21
0.21
0.25
0.45
2.43
3.55
6.73
6.94
6.06
4.62
3.31
4.39
5.86
11.72
30.21
50.83
88.92
103.87
99.76
81.01
48.86
22.71
9.36
0.00
0.00
0.00
0.02
0.02
0.02
0.01
0.01
0.01
0.01
0.02
0.02
0.07
0.17
0.20
0.28
0.27
0.26
0.27
0.39
0.62
3.32
4.43
7.32
6.83
6.02
4.74
3.58
4.75
7.19
16.33
49.96
93.92
112.90
122.73
116.86
93.00
55.11
25.81
10.92
0.02
0.00
0.00
0.04
0.03
0.03
0.02
0.02
0.03
0.04
0.06
0.07
0.23
0.20
0.21
0.31
0.30
0.29
0.33
0.49
1.08
4.12
6.23
6.90
6.27
5.76
4.14
3.54
4.93
8.18
21.21
61.40
108.42
120.35
128.66
121.22
94.50
55.44
26.06
11.52
0.03
0.00
0.07
0.06
0.05
0.05
0.04
0.06
0.09
0.13
0.18
0.22
0.29
0.25
0.32
0.43
0.41
0.41
0.50
0.92
1.34
5.37
6.12
5.67
5.33
4.83
3.60
3.65
4.77
9.43
18.41
99.28
128.68
140.91
148.79
137.01
102.51
57.78
27.33
12.07
0.06
0.00
0.04
0.04
0.04
0.04
0.04
0.06
0.10
0.15
0.23
0.37
0.31
0.30
0.26
0.42
0.40
0.41
0.59
0.96
2.73
6.05
6.02
5.49
4.82
4.36
3.64
2.73
5.31
11.98
34.37
133.63
154.85
167.18
173.56
156.46
112.85
61.32
28.80
11.37
0.09
0.00
0.02
0.03
0.03
0.03
0.04
0.05
0.08
0.12
0.19
0.32
0.26
0.17
0.26
0.39
0.37
0.42
0.60
1.32
2.64
5.26
4.89
4.47
4.49
4.63
2.91
2.89
6.17
12.72
42.24
135.04
150.55
162.20
172.71
154.86
112.35
64.68
32.16
14.99
0.19
0.00
0.01
0.01
0.02
0.03
0.03
0.04
0.05
0.08
0.13
0.24
0.20
0.18
0.26
0.26
0.25
0.29
0.52
1.00
1.89
3.86
3.54
3.48
4.46
5.20
3.28
3.56
5.13
12.69
40.35
124.98
136.89
146.37
153.40
133.57
93.27
53.03
25.42
12.05
0.12
0.00
0.00
0.01
0.02
0.03
0.05
0.05
0.05
0.05
0.07
0.14
0.16
0.24
0.29
0.29
0.29
0.39
0.62
1.00
1.36
2.34
2.22
2.61
4.89
5.76
4.55
4.99
7.69
20.24
54.89
131.48
142.99
154.22
162.00
137.71
94.95
51.45
26.54
13.77
0.13
0.00
0.00
0.01
0.02
0.08
0.13
0.13
0.13
0.13
0.11
0.02
0.04
0.10
0.29
0.39
0.36
0.47
0.66
0.80
0.87
0.39
0.52
1.44
3.88
7.87
7.38
8.33
10.50
21.71
47.99
47.74
53.09
62.68
100.68
100.57
92.21
73.02
52.61
28.83
0.14
0.00
0.00
0.01
0.04
0.19
0.20
0.22
0.23
0.23
0.20
0.05
0.07
0.15
0.55
0.37
0.38
0.50
0.62
0.63
0.48
0.09
0.29
1.16
6.74
10.28
8.88
9.61
12.95
23.69
38.05
38.07
48.73
65.29
108.21
109.04
95.25
82.02
51.64
27.72
0.32
0.00
0.01
0.06
0.27
0.32
0.35
0.38
0.39
0.39
0.34
0.15
0.16
0.24
0.54
0.40
0.46
0.64
0.68
0.65
0.42
0.04
0.46
2.48
7.69
10.14
9.15
10.39
13.06
19.86
23.78
26.62
41.71
86.82
95.34
109.40
93.91
76.24
44.90
23.08
0.45
0.00
0.04
0.21
0.49
0.55
0.61
0.65
0.66
0.63
0.57
0.54
0.58
0.93
0.50
0.43
0.52
0.77
1.02
1.04
0.00
0.00
1.63
6.09
11.99
13.81
12.71
8.47
8.93
11.41
14.09
24.98
64.77
94.85
121.66
145.10
147.17
118.48
74.55
35.61
1.12
0.00
0.38
0.73
0.87
1.00
1.09
1.12
1.05
0.95
0.87
0.81
1.11
1.02
0.62
0.61
0.93
1.25
1.20
1.31
0.00
0.00
0.00
12.47
14.84
13.63
13.13
10.93
11.52
13.34
27.36
56.64
102.78
119.78
148.78
174.49
164.58
125.48
70.56
32.19
0.94
0.00
0.54
0.77
0.97
1.18
1.35
1.31
1.12
1.03
0.66
1.18
1.22
1.18
0.91
0.93
1.41
2.21
2.74
0.00
0.00
0.00
0.00
0.00
13.57
12.65
12.24
9.05
8.50
14.62
34.09
88.62
107.08
131.07
165.76
187.56
165.67
116.52
61.60
26.08
3.43
0.00
0.53
0.82
1.07
1.73
1.75
1.63
1.36
1.12
0.72
1.01
1.02
0.99
0.59
1.02
1.55
1.82
4.38
3.19
0.00
0.00
0.00
9.50
8.58
8.36
8.04
5.31
7.02
6.45
45.04
69.67
88.48
112.56
143.34
147.43
122.96
80.04
39.50
15.76
0.08
0.00
0.72
1.33
2.06
2.31
2.36
2.17
1.87
1.19
1.27
1.56
1.61
1.66
0.98
1.81
3.84
6.74
5.28
4.77
3.98
0.00
9.90
8.33
8.55
8.42
7.18
4.16
1.99
21.34
53.74
88.25
98.05
129.32
155.22
169.44
141.95
90.61
44.80
16.88
0.09
0.00
0.83
1.74
2.22
2.59
2.73
2.85
2.14
2.29
2.45
2.90
2.94
3.10
2.53
5.12
10.25
9.99
8.01
7.22
6.96
10.12
7.67
7.59
8.48
9.37
8.14
2.75
8.70
47.30
60.06
86.26
99.63
131.28
174.97
167.45
129.55
72.67
35.91
12.38
0.14
0.00
1.01
1.62
2.21
2.77
3.51
3.87
4.23
4.71
4.76
5.61
4.67
6.53
5.67
11.37
11.49
10.59
9.56
9.19
7.51
9.30
8.45
9.79
11.04
9.92
9.03
8.84
51.11
66.38
77.72
103.42
125.07
175.45
198.78
181.20
125.05
67.69
28.76
9.05
0.07
0.00
0.69
1.20
1.89
2.79
4.74
5.50
6.82
6.89
7.93
4.34
4.48
3.18
8.85
18.07
19.17
17.36
14.66
12.59
10.36
7.99
8.28
10.35
16.01
14.96
12.70
29.22
69.75
90.46
106.19
90.81
114.39
155.27
235.77
235.52
161.23
89.75
36.10
11.29
0.16
0.00
0.59
1.04
1.73
3.35
4.53
5.98
9.70
10.56
11.47
5.60
5.85
4.33
13.50
15.27
14.28
12.13
9.79
7.95
7.34
5.56
7.84
10.19
13.10
15.55
17.13
42.98
63.96
81.99
88.34
72.43
95.66
169.78
174.67
158.51
100.69
50.90
18.76
4.69
0.00
0.00
0.82
1.44
2.78
5.06
7.89
10.21
15.07
15.55
13.92
6.81
3.66
8.67
14.74
13.42
11.81
9.66
8.03
7.42
7.76
5.86
8.55
13.63
15.15
13.62
25.16
59.59
73.69
85.36
94.76
87.89
145.07
200.63
204.52
149.46
86.06
39.43
13.00
2.71
0.00
0.00
1.85
2.89
7.51
10.40
13.33
19.00
20.39
18.41
16.07
5.96
6.47
11.08
12.83
11.00
9.20
7.70
7.63
7.76
8.94
8.22
13.34
14.81
14.65
21.83
39.10
60.46
72.73
78.46
88.44
107.98
159.21
195.62
157.74
102.48
53.62
20.53
6.66
1.17
0.00
0.00
7.00
10.73
14.34
17.14
22.13
23.40
22.18
21.59
16.28
9.97
14.95
13.16
13.42
11.31
8.57
8.34
8.73
10.19
12.07
13.19
16.82
17.01
26.67
42.56
53.80
77.91
84.50
99.39
89.36
165.30
212.22
190.04
137.90
82.34
34.58
12.99
3.51
0.52
0.00
0.00
6.54
9.60
11.92
16.64
18.82
19.31
19.91
17.64
10.06
12.06
10.26
8.47
8.28
6.45
6.49
7.20
8.01
8.93
7.32
10.90
14.08
12.47
17.64
26.52
32.33
63.61
74.93
83.10
92.96
153.88
163.50
130.12
85.64
45.74
17.59
5.61
1.23
0.14
0.00
0.00
6.21
8.31
12.77
18.81
22.00
30.90
30.61
22.87
18.94
17.02
14.81
12.73
5.74
4.13
4.08
4.09
4.92
3.85
9.08
13.73
17.18
22.27
33.74
38.40
43.46
45.99
55.78
33.95
59.90
113.85
105.78
96.43
62.85
34.48
14.44
3.94
0.80
0.09
0.00
0.00
8.05
11.10
17.13
26.94
33.65
33.21
29.35
19.90
17.12
17.02
15.49
13.26
5.63
4.38
4.50
6.11
5.28
9.45
10.36
11.80
13.90
23.13
30.92
35.14
37.66
38.72
19.63
31.20
52.71
86.39
90.55
59.89
37.60
19.08
7.52
1.86
0.31
0.02
0.00
0.00
15.75
20.41
26.46
30.62
30.56
28.91
22.81
19.82
19.11
19.37
16.58
13.90
7.46
6.96
8.83
10.16
11.88
13.72
14.39
18.84
21.71
28.64
31.52
36.53
34.53
23.76
32.20
47.66
65.60
90.79
66.43
44.00
24.84
10.95
3.34
0.66
0.07
0.00
0.00
0.00
11.46
13.97
17.57
20.85
22.73
19.70
19.48
19.94
19.38
18.51
14.97
12.01
8.00
8.85
10.60
11.20
12.28
12.84
11.02
18.36
23.12
25.92
28.79
29.62
36.80
30.20
38.18
51.81
69.18
67.33
49.07
31.06
14.98
5.30
1.17
0.18
0.01
0.00
0.00
0.00
3.12
6.65
10.08
14.24
17.60
19.37
21.31
20.79
19.41
12.89
10.74
9.19
6.43
10.12
11.42
14.74
15.23
13.60
14.17
17.89
20.59
24.61
35.36
41.53
44.58
46.00
53.60
59.95
64.78
39.81
28.45
16.85
8.19
2.33
0.46
0.05
0.00
0.00
0.00
0.00
3.66
5.23
8.35
13.27
15.28
16.01
16.72
16.34
15.45
11.27
9.59
9.16
8.50
9.09
11.20
11.93
12.37
11.40
12.80
14.54
17.81
21.96
35.24
37.33
39.12
34.56
39.42
40.52
35.33
25.95
17.00
8.73
2.90
0.69
0.10
0.01
0.00
0.00
0.00
0.00
4.76
5.75
8.08
9.53
11.11
11.66
11.56
11.58
11.78
9.42
9.78
10.68
9.59
11.39
11.71
13.08
12.40
13.88
15.54
19.49
21.70
30.58
31.25
33.39
34.50
36.22
34.83
29.26
22.02
17.54
9.17
3.30
0.87
0.15
0.01
0.00
0.00
0.00
0.00
0.00
2.50
3.33
4.12
5.17
5.48
5.78
5.98
6.28
6.27
5.63
6.08
4.91
6.76
7.28
7.98
9.41
10.52
11.38
13.33
14.55
17.33
18.59
19.88
19.83
13.31
23.34
21.23
16.72
10.86
8.39
3.31
0.98
0.20
0.03
0.00
0.00
0.00
0.00
0.00
0.00
1.70
1.88
2.09
2.27
2.49
2.82
3.12
3.15
3.58
4.26
4.60
3.82
6.12
6.56
7.50
8.21
8.16
9.97
5.23
14.35
15.20
15.00
16.70
12.90
13.03
18.08
13.80
8.42
3.73
3.39
1.05
0.24
0.04
0.00
0.00
0.00
0.00
0.00
0.00
